6593
3858
5019
5060
8743
6025
5916
932
275
3231
109
6212
433
5489
7548
2638
4828
8143
9196
5528
9022
3860
9323
2066
7913
8541
1888
5964
1885
6935
2654
4401
7951
7445
3416
1061
2441
8604
4870
3585
3450
3939
598
4979
5111
986
2284
7533
8456
1748
4898
9089
6611
3804
3775
1592
544
5846
6337
7891
9654
581
3652
5823
6498
715
2171
8798
3254
6408
7011
6759
6212
4232
8532
421
5511
7891
2339
321
9648
2591
6197
9052
8575
6143
846
611
8805
3270
6755
427
7469
9324
1007
9309
6991
3101
8607
3989
4481
3517
2516
5189
7003
9024
3951
4578
6310
6718
4074
9938
4995
1170
2183
4407
9703
1496
8042
3827
6113
547
7014
5567
9063
121
274
5836
6761
1378
8054
9123
7559
6768
9444
3451
8854
792
3879
252
2680
4862
847
568
3038
2909
1012
7196
9622
5773
7585
8168
2799
2510
267
1127
4901
7723
1453
5083
2901
8420
446
3144
2087
3264
1765
2555
2883
6741
7867
5251
108
6126
2761
7515
7456
1896
7745
9210
8782
1665
9122
8954
8368
7708
3088
6915
4293
2273
5394
8684
2912
9716
7762
4022
2869
2527
9673
1619
358
6424
6028
3670
1872
2328
4810
8847
1040
4148
7235
2842
9206
1062
2274
3455
1657
2237
4718
8895
7402
4727
7428
5322
7186
4401
8002
2826
486
5335
679
6982
8987
1214
7783
1398
5392
3248
6708
3549
8737
1075
3861
994
4703
4055
7096
5615
2036
9556
5091
8596
3757
52
5620
2268
5392
4503
727
9283
2599
8467
6885
6009
6034
8928
1248
9127
2886
3590
7062
3062
9348
4121
2513
6238
1116
716
9205
1558
8537
1502
1955
709
970
5757
5942
2835
5650
1099
9467
1754
1193
871
4774
3373
5669
3228
6002
9094
991
6246
4139
3638
9186
8582
3594
9773
2673
7566
4162
3187
10000
595
7339
8232
9936
9397
6605
2947
9691
4375
3001
820
1528
809
2156
4520
2251
8637
5566
3672
2000
7158
1645
7612
2694
6812
9622
6379
7845
1902
5598
7467
9206
5720
2965
8987
8856
941
2056
9977
1143
7306
3863
5472
988
3085
3720
2287
3277
7648
1796
3792
7839
2795
3421
5822
3009
3007
1727
5034
6915
9173
4913
2119
4912
5653
1237
2938
4817
3875
4881
2301
2477
2421
1793
2067
8695
7827
4115
4537
5302
1305
3223
1042
7066
4588
8799
4041
4110
913
4887
3628
397
4904
7393
6351
3024
9580
8227
2324
9582
3390
6764
4966
8110
8633
2641
3069
492
6906
9591
8462
299
3154
1378
1525
9000
587
4500
87
2870
4546
4346
53
6105
3886
9339
9123
3158
84
7037
1780
1838
1930
6457
795
4570
3408
8566
8716
7448
9390
2754
5554
8457
6736
4628
4878
7190
5112
3297
1055
2642
9984
7453
4961
9816
9826
9942
7059
3112
6280
2651
9724
6044
8879
175
3258
2209
4784
1877
2251
9419
9950
8941
2646
1295
7036
7811
7304
3394
112
653
7902
1456
819
5780
5292
7438
3306
7592
9682
129
1726
6380
1828
5643
2788
5443
7717
5069
4222
451
1318
1950
6984
2468
5739
6550
5206
1386
3323
4163
4128
9574
1665
1568
7491
1115
3172
2187
2824
6547
9139
5621
4592
6698
101
1701
8056
1173
1179
6140
6997
385
9488
4438
4150
7532
4417
1609
2709
1202
6159
2960
7885
7790
4138
6299
5809
3706
9150
9778
5638
4475
1656
816
1706
9179
2500
521
5005
5042
8976
4250
1741
3760
9059
5982
5121
4493
4762
4795
1454
9988
4617
9904
6549
8918
7893
2606
9913
3899
6126
159
4221
377
5201
7249
8374
2405
5100
7611
2639
3249
9010
2808
9336
9424
9182
5601
882
1763
7565
4172
186
4064
9856
8503
4692
5052
1514
6324
2451
5647
1620
2883
6682
2922
2338
3009
6285
6058
9851
2821
9457
577
6786
5852
3876
8727
9331
1470
1853
56
5102
3821
1969
2747
6555
3098
6375
909
4491
7988
4746
2123
7871
1945
9289
7766
8928
182
818
3583
9192
6383
3368
7402
3545
7931
9705
5751
6529
4894
9293
2418
5796
8772
8119
7313
2296
6943
5245
8007
9495
4869
2867
3528
3214
7549
6586
3259
4152
2185
9006
644
8137
6735
7775
642
6525
3231
2972
344
3611
3662
6631
3586
4368
9723
9583
7879
3831
1355
1871
1138
7783
650
894
3313
54
4111
1226
2628
3410
3209
4419
5255
8022
2828
815
5147
5543
193
6364
7924
4945
197
4915
1270
5514
1281
3497
2695
707
8162
4290
8575
89
2310
2591
5475
4847
8879
740
5815
6547
9823
8735
8671
712
7849
7735
6781
6863
5712
3629
1643
5944
486
5319
7381
9395
1271
8869
9771
6323
6213
5948
9884
1691
4720
2010
6226
5358
7886
4288
3475
8419
1281
900
2937
9626
4508
4828
8682
1817
3522
5352
6333
1541
1691
1267
3185
333
9101
9919
8925
6334
5107
6332
3933
5875
4990
7985
1285
8166
827
5191
6453
9695
898
894
9369
958
9193
4165
1779
1031
2346
4492
171
8058
5909
4401
4677
6679
2313
7476
3894
2456
6168
9064
7354
5390
7099
1865
9639
3947
8929
8869
9740
1841
9853
1239
6123
1586
8928
2362
6738
3219
1161
9391
1188
9862
1724
4114
8172
8820
6857
4123
9021
2240
9268
7522
4339
7477
6810
7878
7680
8674
5849
6356
2045
9179
3727
9241
406
3825
3653
9276
1863
442
2918
8827
9805
2913
7494
7173
9565
3555
6430
8034
7456
9668
720
4356
9509
9101
2395
5736
4116
7603
8347
2917
1629
4714
9345
6210
1238
7384
6991
4250
8747
2827
3312
499
3024
5433
7285
313
866
2480
5375
8557
8019
9368
1307
5192
9003
8127
3446
5168
5743
3742
9655
4014
2505
769
1819
6082
2073
1622
4744
7082
6328
553
7287
1501
761
669
6566
1697
269
4827
786
8469
463
1322
4365
3007
9208
3161
6234
1077
967
1982
6512
8955
1547
6642
8555
2769
9318
8030
7374
6841
3958
5008
5779
3121
5239
3686
5278
7717
6406
6567
7182
3418
1876
6628
3178
1753
3127
8694
9947
2707
3404
4923
7867
9538
381
2579
4648
2020
3396
3622
1965
306
5035
6222
3461
5918
3233
2158
9544
9825
4351
6098
4662
5094
2442
1545
5453
5054
5648
5519
7069
1238
1222
3539
7846
1640
4366
834
6051
4373
7551
815
5279
1798
6931
2744
1013
6694
2574
4377
4702
7416
5346
735
3023
8423
3667
7644
1139
3343
9270
3740
375
8615
5586
9856
7509
4928
8609
1945
5564
431
6474
7344
2001
4531
7929
6530
1921
8244
9023
6044
7462
9911
35
9696
3182
6794
4348
4705
5840
1171
4162
9110
9539
4171
2941
4537
3724
8352
7992
2287
3803
9516
8937
7214
1113
3614
7317
8544
4789
5541
5196
8801
8943
4768
4679
289
9315
8783
2868
392
9999
557
8558
6787
558
9884
9670
9010
2522
1652
6537
572
6025
6772
7638
875
249
2304
4760
2323
7308
4352
4655
6057
557
3623
4405
2203
3868
3302
5087
8383
5592
9857
1055
7877
3038
4559
3049
8690
1048
9109
9350
7291
3307
1983
1429
5820
64
5304
2470
9380
4133
4961
9504
9780
7194
4241
1416
6022
5995
5907
7264
4785
5892
836
209
1650
8626
4478
1762
5295
4150
4668
2165
2829
635
2527
3104
1978
8369
4235
214
9351
2192
5357
616
6473
7102
1636
6080
3834
5324
8041
8801
5422
9022
7403
6607
3752
8642
2836
8782
7337
5866
6721
3749
443
2595
7972
7962
6936
6929
1580
2349
2825
1886
6664
9150
4627
4995
6393
9856
3124
6620
7928
5774
8511
5823
5014
1364
5640
2809
5401
433
2997
4444
1598
6770
3037
3328
2679
8660
1683
2373
7340
4326
6132
4938
5761
9363
1028
6621
6663
783
2697
5952
5749
2503
3181
8620
1139
3823
6755
3469
8451
6020
4153
5581
9304
4143
5287
948
4868
4587
5825
9531
4890
7910
9349
5032
5523
1815
789
6657
4712
3907
423
5467
2660
8154
6333
7202
3710
59
7962
4635
3448
8545
3860
509
1721
6380
2687
4819
6899
7183
655
4499
5787
5507
9269
7455
6063
1005
3581
5703
2096
5301
1683
6232
134
6613
5648
836
897
1563
6944
8727
9407
9311
7716
8497
3925
7822
7036
5586
3372
8905
4272
8623
5875
4650
4584
5258
276
9348
5434
440
1313
2073
524
3372
2728
9455
9352
1957
8518
1764
9127
6019
8667
6580
3489
8599
6508
3223
3258
1429
4053
8440
2686
7220
160
1999
9415
672
1904
3215
6256
6271
3254
6748
3425
1085
4847
9934
2670
3919
3843
4403
2308
3017
6189
7654
2479
3371
3369
1250
8965
7269
1664
4443
7053
4291
3100
5198
9011
6716
2566
9615
9892
5271
3736
6163
2557
3001
9129
6196
1548
1640
3628
2017
1628
7137
123
9679
635
2854
1107
1399
9131
7749
5835
3830
696
3624
7008
7046
88
506
9690
516
9422
4601
8361
2661
3521
7581
3698
4210
770
3990
6356
3723
8741
8642
4228
2316
9462
7770
2148
4068
6422
6558
8445
1059
8568
9378
5758
577
2047
7739
3327
4402
2115
6533
8015
8119
9601
9960
782
5747
6147
7133
8865
8937
6100
8663
3656
9960
2811
9416
7564
4306
6415
92
5170
6543
2413
8895
3691
7511
2045
9072
4630
7385
6642
5181
4141
8083
2405
1849
8224
3491
9699
6683
5722
9178
6171
4321
4708
1914
9999
4961
7728
6394
6311
9540
8569
7172
160
2975
4637
3364
555
4814
5726
6708
8497
8031
4566
7821
1682
8482
4529
4293
4688
1044
7003
2393
7311
5941
8322
9792
9613
5370
234
3392
4598
9007
1980
6635
9473
9100
2828
6819
3056
8992
6127
5761
5963
3934
1252
228
2197
4675
7346
7046
941
9824
1187
5364
107
3396
2628
2251
4681
6614
8309
2493
688
710
5811
4681
1026
5261
572
588
8000
6768
9568
2451
5146
7694
4338
1765
531
9913
1909
4792
6860
6455
7757
2651
3345
5282
7617
2696
2261
9513
7560
4316
614
5128
1776
2698
7971
1788
5689
4163
9319
4354
9963
3630
4950
551
2075
2708
8026
6129
4202
3817
7102
3126
8040
8082
7104
2049
7675
9524
780
3583
7015
7984
2723
4294
7654
7347
341
165
1488
7038
9409
33
7301
6707
2777
9008
4939
8478
899
5613
9493
1771
5690
9099
9633
9893
8927
595
5212
8421
9687
2699
8622
4626
1946
4621
4410
6638
2349
9661
3472
9724
4079
7440
3152
4942
8088
7988
7668
5946
2024
2518
7944
121
9205
276
7213
8234
5670
7616
170
1406
5362
9454
8699
8086
4438
8451
4621
9979
1490
5649
3746
3896
4697
3460
4471
4922
7579
8434
5444
959
639
6871
1319
8186
5996
5375
3770
7270
6587
6316
7312
6844
8239
7901
886
4940
7772
3921
3469
7483
2601
1107
9764
6761
1192
8953
7218
8050
8684
1209
266
202
4065
9289
1575
3960
6760
5361
3476
1881
1344
4660
9131
173
8728
8330
786
7238
6910
4353
8958
8884
7006
6726
4244
763
9898
4850
5767
7169
5723
9965
5181
1031
8030
9099
5099
5820
6783
4707
7948
3149
6676
349
5538
8213
2010
9234
3277
8274
8660
9895
9863
968
2658
257
6418
9660
450
4800
3013
8217
596
3148
2712
9032
1532
371
650
6804
7387
9059
7598
3622
3151
850
963
9896
758
703
9658
5746
4458
5736
2138
6771
2898
7518
5862
4012
6829
4727
89
8451
7221
4352
5142
9745
7155
7270
696
7431
8091
6709
4653
63
9384
8968
7938
5968
4148
9764
9290
9353
6113
250
1243
6581
6211
3861
2312
5479
6244
1294
8818
8878
9152
6926
2115
7784
2029
242
4584
4079
6932
4236
8239
1091
4743
8761
3067
2047
8464
1658
5171
7983
2854
40
7854
4300
5894
6758
2165
9253
2828
472
7441
7777
9293
884
1057
1212
3017
7617
7663
2002
7320
3617
273
8319
916
5678
7836
2048
6652
3459
3388
7145
1077
7184
7347
2092
2763
3251
1821
1547
6777
1876
1289
9643
7507
334
9026
7797
2983
7548
2886
5294
4391
248
3889
2628
4663
