8604
5199
4722
801
2522
160
8347
6358
9920
6390
5282
8492
7166
8289
1363
8517
1931
5143
6230
2853
5616
20
6090
4770
1795
7973
2520
5214
9959
5470
7581
9893
5271
6693
7815
7216
5245
8175
440
6600
5826
8696
4529
2571
9866
5051
8337
6979
7902
3554
5383
725
5308
2961
2090
358
7101
4825
6332
3759
7446
1248
9583
2198
1099
4593
3131
1628
5079
4068
440
5464
663
7541
6958
9671
856
3317
6136
1401
2148
7421
7847
7601
8829
5151
476
3234
1157
7308
1644
4940
6459
6768
2969
4196
7776
8730
9276
9089
9419
8147
5741
2854
8873
6330
2911
9825
7247
5456
5628
4191
388
2331
6023
5010
8327
8456
2749
3181
3108
3335
5334
8478
952
1253
2354
8287
9009
2571
5440
1629
9721
5513
2140
3011
1058
154
4052
2596
8902
8986
5097
2305
8958
222
6315
2363
3621
2813
5120
9797
8789
8797
2422
308
3703
6257
8242
5521
957
9637
6427
7757
6117
474
6652
2236
3475
1993
9005
151
1342
9926
7418
4319
8416
1919
4869
4827
1600
1799
1098
6948
1943
6917
9183
9495
2464
9118
8664
6328
3331
6791
257
8581
4328
8951
9626
3496
6475
5540
4759
4682
8542
7500
2312
767
6361
8343
1969
6014
5182
3199
7605
6507
975
1630
3772
8357
623
4070
665
4523
1132
1472
4034
4951
216
1937
2072
5670
8179
6599
9577
1002
7136
4034
6749
823
1241
3533
5043
6178
6997
6658
13
4784
624
9564
6553
2598
8880
3195
3009
6112
9489
4329
5246
5250
5034
1643
5885
4259
866
5834
5719
6823
9318
7716
2950
2266
2977
8005
9674
156
2720
3103
508
6919
6147
3324
3091
8302
9581
7771
9406
3671
203
522
4565
4677
5093
2503
8329
8434
3045
7624
8398
9630
9930
9339
3358
2804
2064
424
2240
8627
1255
2306
7655
5054
6618
4110
2135
3542
3634
8974
2846
6372
1040
602
4388
3470
9781
6022
8362
9782
3492
3543
9587
8182
8289
4914
7051
721
3459
3833
7763
319
5503
813
7265
523
6680
8160
4189
3971
3726
9723
7418
6776
1671
898
5505
1328
8131
3709
5099
540
3196
6481
5433
5673
7511
4374
4033
7173
1739
6498
9235
7436
1259
4271
2499
2817
2210
3499
4030
2448
3163
3795
8064
3659
3874
6678
9986
3159
1809
8412
1627
6857
4678
7810
2826
4246
7701
3036
7962
3912
2531
5027
7868
7537
8334
200
2337
1929
7044
1634
4666
2451
891
453
4842
7601
9406
9634
2269
3800
8045
617
4997
6297
1609
8467
5373
1171
543
9420
4972
6005
1924
8582
999
2630
2129
8117
6768
1372
3404
310
6815
7617
6447
5890
9636
6433
7899
1121
2760
1002
9625
9734
6385
2821
5674
3606
7794
6031
2986
4998
21
8565
8943
8791
3353
3691
3904
7743
3487
1910
933
2151
959
6834
7942
2100
2583
7050
3291
290
3485
1259
2682
5051
735
2602
6771
8233
1057
3921
7335
4335
1000
4332
9185
1844
3482
7671
393
2625
207
4527
3722
5685
950
380
2232
2222
7711
5909
9257
2175
7397
7045
5960
5015
1960
2086
2385
1203
4682
5595
5033
9883
7979
1676
2299
868
804
3747
2435
7937
2413
7902
6903
4710
6488
4962
6871
6680
88
857
219
9090
3152
4561
3554
4658
1787
573
9933
6458
7341
1586
2162
1546
1959
7570
8969
3536
326
8234
9058
5508
7255
7716
3894
8929
8980
2766
1355
2537
9988
2116
2918
5879
2151
7870
6407
4114
3168
3062
3886
9420
7640
5488
4534
4939
3306
5525
9560
8225
4473
1490
8080
7041
894
7658
9967
4787
4035
840
9575
4704
7234
1827
5555
4951
1949
9856
7339
7772
9426
6404
6883
7282
9864
3766
1463
2602
1025
415
8252
6397
4077
6402
4914
476
2418
1848
9168
5895
3708
7257
8553
3532
2391
559
5624
5759
9029
428
450
5705
8138
2498
8659
5146
812
6370
7808
3169
5381
8543
5759
9673
5620
6512
8290
6515
471
247
3075
8836
2393
9556
958
2099
3089
6782
6998
2526
4471
5582
6070
297
5983
7796
1469
6685
8283
4406
4075
6633
8222
2837
2533
5585
4405
8651
7741
821
4638
1240
8546
809
4520
4606
4544
4604
1137
1121
9830
9882
8029
1101
1822
2361
338
439
7669
7536
8470
8880
2423
1096
5866
8581
2418
8532
4329
7410
8503
8954
2631
8897
3661
2057
9869
8680
1678
8480
2065
5092
155
2069
6661
539
6738
4956
2258
8696
3805
6859
7211
98
206
1689
6085
704
3293
4696
1700
1074
8050
42
2916
175
1294
8413
9243
8364
1061
3576
7695
6441
2514
7690
8095
611
612
1764
4445
7243
2888
961
1461
9512
4806
8516
9707
5266
1987
856
2406
2940
3372
5829
9686
7087
5176
8147
9727
7020
9783
2291
3205
6269
738
8217
255
5555
6821
6884
2318
8094
5862
4835
269
1325
5832
4398
4516
6805
7956
9679
4933
3768
4552
9748
6092
4050
2377
3499
2913
4072
6162
4706
1985
2711
8299
8938
6385
369
6809
9488
6182
7346
2547
1186
1064
9573
5292
7855
5873
9606
7478
8842
6719
4891
8893
4649
9138
9268
6131
2157
6215
5989
6313
8575
7604
1036
3237
2225
8957
4754
7004
4680
9922
7005
8173
1847
2894
2557
8617
9070
9717
6061
2009
7700
3208
1212
5550
7053
7492
5189
1927
7635
7007
8477
4867
2524
2375
6677
6077
9113
2447
6887
6793
1043
7725
1819
87
456
9216
3955
7223
9123
2975
6989
5826
1030
3776
3770
8909
2273
5086
3746
6360
7610
124
8640
7070
607
8011
643
5006
6184
2063
2016
6032
6506
9388
2980
2304
4071
618
7869
9054
2854
9891
6354
7548
9973
2631
6589
7059
4829
1885
7471
1445
7507
1134
3900
2133
5968
554
2697
5124
2366
5897
1527
2395
2121
738
8952
2495
6932
26
6757
2245
6456
8091
6373
2809
5764
4687
1779
5085
3111
2533
9873
879
7886
6088
8479
4901
2091
2583
594
1048
5840
7310
4444
1248
4686
2780
8892
2440
3394
8472
4806
8759
6761
9930
426
6225
2608
5536
8552
9953
7869
1145
2934
101
698
5884
7588
8604
2758
3464
2293
593
2063
608
5620
5970
93
1028
8929
3366
9367
951
7018
9837
7415
4067
3172
9360
6930
6007
4538
3159
125
3250
6637
2675
1620
645
41
2842
2032
5599
9750
5448
1129
2444
5151
716
7411
5128
4343
7952
2409
9405
2088
1400
4250
4475
495
9899
6988
4984
6829
2000
9571
6167
9769
9994
3537
3105
2081
2640
8394
9793
1354
8166
2317
1213
3570
380
859
6735
6044
5408
364
4229
1779
8561
1791
7895
300
8788
2009
3661
4362
2268
5176
5122
5245
6161
6351
3401
4500
1458
3158
2703
2624
7744
9706
1154
5115
3232
4625
2285
728
3127
6484
4767
454
7985
5714
6304
5527
8409
5213
9866
6260
1764
9183
7313
3465
6774
6404
3228
440
3520
3279
2864
653
1859
7102
7836
2696
3161
5297
3255
5952
7843
6286
4314
7280
9575
5004
737
6376
870
7114
2294
9361
4852
5393
54
7039
4964
8865
5545
3076
9708
1352
3336
3689
2129
8558
2607
9776
5081
4252
1998
7624
6527
4500
2599
3672
1562
6476
8280
6218
9619
5856
9148
2932
3092
9096
4456
9815
3294
3052
4797
4843
5130
852
5613
8801
456
2317
1458
9474
2860
229
5506
7198
7712
3628
583
8792
9218
623
5793
7339
3576
9737
4207
288
7380
7919
4982
4557
2763
7492
7174
8090
6935
4484
1333
3140
3913
7233
5698
7688
9038
3763
1762
3612
887
6307
5023
3962
8605
7
5903
2229
7793
4898
3476
3942
9837
4825
4458
323
7027
5168
1803
9341
941
3054
6575
732
433
36
5503
785
2363
3652
3199
1283
4308
3893
79
4717
8263
234
5231
3724
6339
8371
3445
258
3261
6504
9135
3730
9488
8059
9839
6490
1414
6118
7653
1519
195
1992
1992
6562
6038
5593
5137
6318
2779
7598
6584
50
8882
5726
1775
3245
6561
384
9751
9683
2661
616
1502
4001
8546
1026
8363
2222
6359
6020
2729
4342
9365
5530
9605
9748
718
5408
3558
6334
6694
5521
5999
4298
8004
1735
1214
6073
1951
2698
8651
2882
1640
7067
4773
2255
6055
5108
2337
6547
9729
6353
2806
4951
2614
1999
8911
3130
3033
3811
6637
3295
5260
1118
9813
9420
1153
5876
1219
5767
7137
7766
8905
6587
6365
4349
6985
9280
9160
3714
3045
1455
7209
941
6437
7064
9951
8546
4712
764
8823
1092
9497
2830
7142
2520
2824
7676
2818
7013
3628
7102
8755
3915
8288
2593
8645
3670
558
9950
8371
9933
4910
2087
3127
1345
3943
7518
3508
6839
6131
9069
4768
1268
669
6462
798
9980
247
7809
7790
8537
1396
4141
2130
9358
6102
9866
1369
852
8087
6128
1953
3799
3475
9940
9681
8247
4496
6160
7639
1451
272
6628
779
1779
2342
6683
5511
1923
4298
6219
6684
2585
9872
3589
7991
475
5790
7799
2628
9641
258
4082
1681
3409
77
8434
117
2671
478
5457
967
7266
7511
2832
7544
9831
3265
3160
4993
3721
8068
2123
1504
5650
1267
7749
7614
8275
7023
7391
8284
6006
1065
5824
2259
9649
1502
2543
5879
7451
996
6048
5833
9849
5386
4268
4164
9468
2746
8821
471
2322
5558
2458
2935
2610
4611
6872
9607
1780
8048
895
7731
576
9754
9350
45
8160
6879
5429
561
114
7753
9922
1548
6567
7746
2416
268
5775
3564
7756
5461
7519
5095
831
154
2947
8957
4630
4783
8568
8806
2584
4601
3415
4793
1692
9980
5209
4834
8707
8758
872
2331
5891
2404
9206
4753
1570
5619
7281
6485
7869
4003
8968
471
6717
724
5193
72
8263
2332
4308
7025
7275
1324
737
7823
7165
3250
44
3039
6891
5382
7651
3781
3861
4623
5220
9912
4212
3540
997
615
2599
9179
5178
4203
6593
8430
4472
1105
1113
1903
1685
4024
4307
6166
8937
8021
99
5707
3772
8576
1278
6199
2458
4741
3892
6443
5932
2158
6848
6703
7749
4589
8113
3618
4883
5164
5298
526
8328
9814
7005
9913
1919
8204
2047
5767
403
4981
1516
4792
7937
9918
1561
2613
8291
1390
131
6588
7507
5012
4788
9198
3377
5872
6078
9467
8543
7304
997
1842
2964
2374
5252
5611
3504
8915
8695
9191
3657
6982
6701
1016
1009
940
3566
8250
145
6522
73
9099
2630
1408
4560
7327
977
3618
9940
7247
3196
7782
7385
1012
3706
4265
7839
8618
1257
4857
2689
5405
7502
5115
6712
1760
2248
8587
6483
112
967
2149
7575
1978
8738
4390
1597
17
3797
1245
4300
4419
3263
356
5037
4608
2396
1847
7457
45
2093
7116
7035
6931
1581
6505
4658
9914
4058
1338
3990
3142
7711
6898
193
3080
3926
111
9350
9447
3310
9956
3329
1157
3798
1838
7200
6207
3422
4610
638
1807
4428
3696
750
7552
3561
2018
4157
3264
4162
8068
2579
8855
6855
5151
7261
9457
6978
3127
6966
8876
2806
7593
3894
5497
5120
1093
2849
2502
485
4254
1074
9724
1553
2148
6345
127
8585
2914
555
4490
3784
9066
7855
2457
4362
5085
9866
2705
7686
8936
4772
5402
3222
7345
4041
1651
2807
5663
7408
7555
5760
3133
2425
4593
6671
226
2952
6878
5944
361
9746
4551
2709
6606
9907
9796
4162
1347
4932
9474
4432
5256
9289
8344
6517
9804
6522
5393
3154
8654
3944
2154
7715
3548
1303
7762
8384
7801
5470
4648
770
2517
4288
7405
9139
856
9187
4547
8917
4703
3134
249
6332
14
2442
6094
3873
9420
3170
1404
2165
4813
2427
9706
6400
7545
7733
8768
4589
2274
5194
7886
9010
2888
4097
9076
3454
5438
5403
1545
968
3945
9193
2355
4486
1285
3148
4428
4228
5659
6799
4790
8300
5739
891
3374
5939
9718
5886
8243
2081
5825
2211
1465
8273
7347
4297
6759
87
3505
1947
8079
3031
7833
6540
7226
3201
9818
3276
6730
1029
8620
3798
6806
6369
507
279
7723
63
3495
2332
88
9536
9574
507
57
4436
7710
5670
313
5575
2609
4062
8423
8360
1463
3220
1520
5785
3108
1791
9017
6495
7367
9227
792
9443
3700
7661
362
5003
4152
7920
6898
9676
1424
2143
4994
6814
7988
8320
4617
7006
7637
9659
2286
715
286
8789
379
2841
5644
3935
5277
1122
195
3772
6358
4261
1986
5290
7241
6072
5426
141
8898
9269
2199
4037
3576
8968
3262
5726
6964
384
2253
6003
4353
9851
4320
7742
7854
2220
2122
6470
6373
4262
9973
3078
2882
9722
1757
6161
7842
195
9104
5427
9221
5212
9530
2342
6217
300
2315
7725
1945
971
2917
8238
2854
1912
6161
6869
7387
8193
5903
4564
8976
1249
2364
8081
3778
7744
5091
6139
6217
9174
2989
21
7670
8409
6674
8031
8260
8500
2192
8509
7470
1233
7961
1455
1294
4842
9568
391
1046
9154
1127
9097
5786
5830
850
9826
9061
2174
4496
1883
9646
4694
8430
5880
1860
5581
5290
9386
475
2366
69
2723
6814
9462
6466
4519
8675
4594
8520
2579
7123
3810
8863
8854
2983
4736
7243
4313
7499
6801
6264
4885
2106
6509
5616
9025
363
5783
6002
6312
7468
3657
2977
7578
6386
2882
2624
1275
7383
1261
8214
9993
2222
871
3076
1811
5993
3052
8376
2578
9025
4152
7919
9541
1837
3877
3446
9259
8039
1332
8361
4028
9352
2539
2560
3143
8070
6755
3025
5625
3949
9323
2812
2498
1797
1619
6983
407
8472
5550
8401
7918
829
1941
3459
5169
913
3558
68
2891
2383
7947
4618
8382
6627
9258
768
4473
7358
8567
7104
8530
5557
7218
8414
2561
7068
5939
1494
3180
6400
8633
4362
5156
2661
496
3073
3807
9385
6922
6108
5175
516
1960
4539
9178
913
5581
1965
5460
2266
11
3741
3281
9763
5113
6538
7065
2743
5530
1010
9579
3471
212
7258
5199
4893
6743
7842
2128
9574
9409
5102
9683
9784
7243
5749
5437
6225
9372
8496
3997
7415
7618
6070
4646
2097
4838
2898
7969
4950
7867
6262
3065
8658
7354
9711
7342
8410
7061
2787
9358
306
5101
7697
6346
2178
119
7355
3516
2451
1827
3442
8332
3532
1408
8258
2901
3266
1061
2449
7802
1122
4876
5715
1786
8573
9882
3
3885
1801
8732
3753
9932
461
146
8113
9984
846
1103
4067
8246
7415
6374
6172
9831
2432
6964
2655
4049
418
650
1891
4489
9406
2680
7760
7609
5792
2120
4234
7769
4663
9392
2327
9681
2257
1759
6324
7616
9536
1511
9319
9903
2613
3521
449
5653
7262
6287
2528
9608
3581
778
5825
6842
4686
9993
3019
9472
7687
2477
9729
7295
4767
7723
7094
8553
8492
6842
9542
9276
3806
7975
8364
4193
6230
4227
3778
1949
6336
9214
3760
9846
107
3076
4700
2641
3443
366
39
4245
2057
863
7348
5037
8631
7571
3425
9766
3079
5616
5670
3028
6019
8872
9591
2201
9434
8481
6404
4539
2302
7965
1956
1064
693
7164
8233
3986
7008
6467
4646
1972
