4419
6278
9421
9042
1376
9960
4008
3406
4491
9628
3988
1871
6014
9776
7543
6691
8274
3667
972
7845
6063
7660
442
8927
6338
9926
460
543
8093
1723
6069
6048
4417
3033
1224
3633
6421
9862
4146
2980
446
8684
4602
1045
2877
6797
3172
4195
7792
5258
8112
6625
6429
8103
6124
815
5633
6110
6683
1443
7311
2841
1498
8075
3239
1997
44
1994
3957
9622
2815
4014
5965
3526
4711
4455
9883
1323
4482
5051
4317
5296
7835
729
6113
7956
8067
3587
9153
4113
3211
8331
6623
3513
9905
7123
5826
754
505
6184
1935
7725
814
9341
6376
5378
7348
1833
4076
7031
6329
2702
1873
1288
4633
6371
5498
6315
7410
4299
6342
116
4970
9501
7938
1522
5886
3669
1226
9365
7715
5495
4007
6370
9635
8034
7562
4995
5050
5665
828
9270
9406
2745
5422
3949
3973
7957
9053
8526
2085
7469
251
8154
7117
1870
7468
3510
2283
549
1689
7107
5615
9944
8284
405
2093
4601
9262
9951
5564
5237
7264
5143
7531
3284
639
1224
675
3719
5242
2592
9778
1573
9999
3374
9228
3069
9533
3062
2187
4104
1926
638
169
2090
9135
980
7980
9749
3637
8016
5963
5185
2782
674
4585
7425
4519
918
3301
9915
9553
2251
9305
8646
9555
6936
2543
5845
965
9231
5154
9470
9551
8921
7886
9762
3855
4463
2933
3987
8881
4882
1304
7038
9918
4280
3775
110
1763
63
7064
4953
5306
8453
9069
8793
1872
1047
7126
9766
5618
2045
3636
8977
5033
3928
8301
9392
332
5051
1764
4760
4211
5248
2841
4512
6433
7768
1188
1377
2055
987
890
2770
7344
3131
3440
839
2085
9102
2451
7433
7751
6860
6089
3271
4407
2772
6814
8850
8756
5642
9587
9535
4813
7407
7616
7749
4757
7006
9190
6194
4669
8327
9831
512
1407
522
20
1813
512
599
7442
7052
6231
8581
2861
5637
2662
4082
2448
498
1704
3372
6655
8212
7607
3123
3381
6415
8006
1457
7326
1277
9620
9113
5135
9993
7085
2005
5463
2117
959
5112
3672
1328
2628
7555
4139
5030
1846
9939
6485
1373
9553
8993
1895
5489
4425
9142
9965
8211
9098
7074
9088
6349
2635
9769
2498
8090
5807
5909
44
8872
8734
760
7253
2683
9172
3546
7055
3360
7224
3410
2713
2945
4948
246
5031
6799
9602
4318
2499
8633
8484
3628
2652
3432
8568
8116
1433
784
8046
927
8895
8785
5643
1795
2442
3360
3066
6546
3447
5652
8315
2369
5455
2523
1235
7711
2847
1695
9030
9070
1488
5694
6426
5513
4419
8121
9081
4424
6413
7693
4541
3175
3091
4127
7228
4201
8674
8266
3121
7073
3599
5128
4881
2268
7979
1738
2650
2302
1056
2991
5187
6282
2040
8819
5348
1167
1725
5982
726
9600
9510
3930
8692
1480
4049
1992
1474
6868
3613
7214
4341
5209
4820
5222
5725
7954
4264
5806
702
3528
7182
9198
8305
2527
821
6998
2700
9736
537
4477
7109
5349
3057
3051
