8214
7481
8767
5025
4199
7001
3127
1467
283
3620
7124
4556
9942
193
7922
1550
8976
6861
9371
1406
8932
3697
3711
786
476
4163
2497
5497
6614
5406
8884
2685
8456
6136
1497
9745
8687
1347
11
2889
7216
1361
8013
5945
5918
4844
5175
1028
979
2502
6178
9398
9414
2079
2646
8881
5465
2148
2060
1280
8054
6290
970
1944
5165
8298
6649
1095
8191
2047
2879
9947
1368
7624
2375
3240
969
8814
972
758
4378
562
3742
5439
9907
2874
3343
2456
4326
2483
5393
3906
2273
710
2674
3978
5591
3480
9614
8217
151
392
3792
4351
703
7266
3039
9960
9398
4310
3
9432
9061
9017
7129
8271
4866
7780
5442
3504
1142
1402
2736
2120
5380
7289
2675
491
9736
5140
3554
7841
4198
5865
6738
1099
7275
2158
7490
7628
4127
1180
4915
8149
1362
9778
2501
1904
2396
1461
7114
3174
7142
8021
1509
8705
5957
442
3226
7849
8024
1501
9116
2759
7458
3265
7998
5263
8975
5791
367
7555
7660
7919
8607
746
9281
1726
7758
2532
1571
8373
1553
8150
6096
4858
2035
7484
6378
7765
88
1369
7196
1173
9041
8942
7349
7306
5761
8276
8305
2766
968
9977
9320
1317
8652
1217
6451
7099
2223
2990
5007
2378
2206
6276
9746
4395
8417
4168
1076
6058
1765
7227
9302
6744
5584
9814
9126
780
4482
2944
3550
7683
2297
2059
254
321
4805
559
3477
2453
2576
8886
881
3663
3386
3321
3012
661
1474
612
8325
6386
4185
1167
7154
5434
9706
7967
1208
7072
937
5804
9855
7278
9803
9713
3092
21
7490
5166
5001
9756
7355
2864
1097
2259
9328
8452
6336
2139
7750
7163
4690
3728
6965
3730
5214
2690
6133
8869
2395
2475
8515
5890
6800
9316
2905
2690
2068
8263
5832
8908
3929
9791
5381
8039
1500
7391
4231
9459
5797
7034
3899
2435
3228
6174
5977
3108
9819
1874
6864
6058
3355
2984
618
8681
9542
5537
2266
2046
7788
8149
5942
1706
8707
8150
9686
9754
5657
9635
7276
9692
332
9245
265
322
3437
4313
8549
8966
740
215
8678
654
7455
3930
7598
5692
8518
5557
6066
8401
6292
2650
2125
3679
9970
6034
5329
579
9667
8715
5799
2264
1499
7163
9796
5105
2769
1671
8697
9690
7723
8970
5847
1557
6493
3250
2419
536
407
8510
5627
9061
3561
5395
1258
3153
5331
7136
7011
2173
4344
1766
2349
6182
6999
6479
5860
5774
9394
1543
3152
103
6680
3386
8131
8097
2919
8037
4198
5930
6625
5126
7337
6151
7714
1232
817
4534
9615
4975
1968
1827
5183
639
5734
438
1107
