7752
8001
901
6187
4988
5308
3018
5082
1555
5667
2641
6858
424
8051
9417
4209
2781
8577
9547
1233
8128
2505
1994
9872
8181
3387
1434
6348
4710
3376
4384
1054
9094
9107
6732
8901
6376
3870
1000
7152
350
0
1727
6508
4720
8690
7372
4552
4470
4074
3308
7081
8433
1925
5191
682
4519
2785
5994
3884
1302
4609
6741
1457
3351
6658
8492
529
6583
106
8796
5657
4634
8655
2917
1227
9848
2022
6437
2232
4462
4663
8492
7151
4113
3222
7089
6973
6470
1509
1121
4350
5946
1743
4164
4118
263
7640
5287
7709
7843
8445
5149
8156
1150
2116
5165
7233
8240
1950
4925
5437
4957
1556
5521
4419
7174
4246
1931
8305
2313
4424
3031
1712
7797
174
3314
8926
7353
974
1748
9674
7466
2380
6515
2701
5998
1474
8015
6436
5844
1204
6386
3984
6085
1463
806
9126
1545
6614
9212
8190
1715
7245
6309
8757
8058
5138
7434
5065
7923
9221
77
7731
9890
2567
9923
8362
4190
6996
4931
2940
8249
5225
5381
4509
9937
7025
1787
7731
8956
7728
1990
4446
8041
6980
1639
4130
4826
7090
1633
9054
4460
3385
5867
6318
8858
8620
2304
205
9812
4867
5949
9468
9128
1244
9291
4838
5240
8576
839
6732
2831
1567
9947
6357
1096
2626
2833
1486
6698
7182
1202
2189
2668
7176
8444
9619
1065
5818
465
1035
3364
2024
1469
1773
3847
2423
2956
7462
3949
5932
7055
4069
1308
79
9028
9292
7315
1067
1487
6842
3768
6059
7462
58
9522
5580
3963
6435
5231
7716
5048
4341
908
9271
2172
261
1609
8449
7416
5134
1986
524
756
5322
7825
7732
583
6790
1369
4410
7784
6923
300
2983
4985
9489
6996
5386
485
6831
6881
2003
7007
5757
9495
8412
1334
2211
1016
7409
6887
7943
6777
7925
3886
5601
7244
7131
5668
9746
7957
3438
3419
7028
707
2785
3801
1831
5548
2943
9693
1288
3883
2745
592
6206
4257
6679
5094
6812
7492
6646
3722
7734
7002
4497
4118
5911
1416
4496
9292
8740
4303
687
6225
9899
8271
5614
8609
2174
3394
4004
1001
8548
4470
1429
4935
5858
3064
4031
2391
8549
8742
3876
8902
8491
6126
457
8591
3184
6347
8075
2977
8586
8735
6723
6268
14
7979
9964
1567
9750
4715
1056
176
4470
5610
9893
1063
1982
3594
752
9305
8465
7776
1974
4466
917
5063
7633
8692
5391
4903
3096
7673
1006
4457
5828
4204
4405
1506
108
1407
3190
3019
7060
9102
5237
8782
6714
4122
9276
5408
4352
5333
1610
3726
7476
4569
6374
24
1842
4818
9154
4065
6080
988
4367
956
7322
6085
9068
2304
1963
1940
1258
2314
5706
2426
7062
7763
9211
7428
5031
994
2617
8655
5522
6052
4307
2169
6911
1732
3310
5612
8322
6419
6220
1284
8660
8144
2306
6741
9179
7640
1304
7974
6026
2263
3226
1554
5416
7286
5361
6377
8386
8647
2494
5418
7171
8711
1846
1278
4564
7066
2320
3837
3059
7195
2978
7465
2491
4597
3703
84
5178
2454
9534
7054
5080
9899
2498
5832
2087
2635
8586
4528
7305
5808
8460
3224
3574
8081
220
3759
5638
9754
6163
5457
4508
