8041
8636
2281
6125
7163
5258
7824
737
5737
1312
4122
4288
446
1739
9083
7744
5973
8948
4242
4420
8643
1911
7731
4302
4319
7860
1913
8564
6956
6508
4669
4384
2735
8359
8151
6120
9718
5002
388
2232
4305
4431
3141
2893
7926
2462
45
4700
5539
8328
4496
614
4698
4833
627
3393
3269
1811
9296
4599
9604
9656
855
4545
6508
6181
6583
5567
2479
8918
3441
4373
6458
9015
3850
8835
4337
9650
6859
6545
9242
6447
2101
4802
7476
3738
6288
4243
1444
3593
691
9743
8663
6047
9106
8677
3547
6979
1446
2443
8183
559
3683
2085
250
6810
2634
1607
5478
6533
3717
3131
1181
3
7238
5262
3884
6286
1593
1925
4303
5404
4071
120
1280
4208
5422
4206
7259
3821
158
435
8760
5595
404
2196
5336
3390
6413
1816
447
4285
9476
872
9696
6517
8597
2108
9021
3625
1878
3593
4880
7787
5792
1797
2410
7222
470
6339
2818
1519
9795
4548
2089
7758
3889
2105
3269
9142
9764
9784
6234
4170
5329
4826
5290
8709
9916
9379
5070
6411
7411
3310
6749
1681
9047
1559
6382
1363
1565
5964
4356
8511
859
3247
5933
5427
5176
5690
3081
2915
8045
2988
6433
8596
2846
5713
3082
1948
5379
1651
2885
5270
5173
2441
1953
7620
2173
1336
2738
984
7887
7683
7480
6272
4284
7683
1602
7792
5718
5370
5444
3614
5525
2767
7013
1692
5657
1496
292
3173
4947
8283
1130
9098
9872
3483
3713
3204
676
1411
111
6803
6052
873
3323
2004
9027
6492
2522
5088
250
8094
9828
3950
5757
7881
4439
2919
2853
2076
1375
8411
8954
8543
3986
5819
5518
7792
9708
915
8388
6661
8816
1266
4364
6724
654
1487
6858
2385
8859
1846
3712
8553
3240
6791
621
384
128
9722
1426
3698
3615
9614
9435
8183
6284
6681
3669
4689
4706
6685
4660
4602
8000
365
173
3135
374
9451
8933
3345
8094
4854
7880
7921
5443
1394
7832
4844
1923
4991
6127
5900
6889
3399
2338
1699
5284
2546
5999
435
8370
3799
5621
609
6661
5775
4048
9550
6808
1600
6519
7413
8495
9726
9676
7149
3143
3068
26
8134
1512
4666
2497
7881
6096
6359
531
7009
7463
7293
296
1047
5647
2453
4080
5368
1454
8957
9745
8025
2834
3466
8716
8483
9330
5599
9826
5391
6062
3110
5672
7183
1371
9267
5745
5279
6683
5567
3913
9364
4763
1142
7394
6287
7113
3681
4531
7758
5110
1552
6911
1208
5003
7962
125
7595
3
3057
4737
8490
5781
2191
5047
4505
7940
6636
4676
8258
3353
4980
5412
3283
6382
2386
9508
6056
7175
8531
3522
7208
7774
6376
1725
1548
9035
9812
9960
8257
7870
694
728
3968
2671
5133
565
382
6954
7120
4683
3130
7668
4722
7302
514
4097
6573
3562
407
6136
5050
6672
2314
8423
8916
419
3874
9799
9330
3686
1178
2154
6561
7494
2732
9870
6896
2046
9095
1261
6364
4608
5786
9831
5411
9538
7718
4267
9743
660
9411
4522
5327
3529
1147
8865
4320
3506
4746
329
6379
5368
747
1820
6867
8369
7483
3163
1765
3570
3872
8894
2636
7569
4810
1977
2072
2291
3038
7022
5666
5367
5102
7644
4541
9797
2958
1828
1390
7258
5106
5450
4444
3291
1915
5216
4276
2065
6023
1414
8092
8724
5384
7
9082
7911
3763
8038
7835
9420
4838
1408
562
6353
6818
1610
7304
4958
9426
8031
4143
2684
2459
9463
5898
6669
2460
8288
2180
2892
8801
4449
4528
8473
7492
9345
3565
8563
5874
1599
6418
9389
4354
7838
5340
5294
7093
3821
4904
2182
3061
7994
713
1846
9427
1029
704
8472
5815
5446
1478
7739
9039
316
2044
7749
114
9894
4493
5268
5543
2254
5002
9970
