2068
979
2821
7097
8596
7486
5929
6155
3850
4762
919
4647
8652
2436
7316
3259
4446
9403
2708
8754
682
8642
6169
2587
447
3244
1279
8599
2528
2974
3516
9543
2865
9596
6186
5837
1882
4614
4256
6781
4039
6366
7813
5556
9190
5839
7870
9696
5906
4203
2237
2086
4152
1196
8888
4643
9241
3893
9288
5028
7141
8176
7108
1226
3009
3789
5434
3003
2316
4407
1471
5381
4656
2363
5528
7523
4033
3465
3325
1698
371
7740
6551
6239
4023
6011
2807
49
2493
8938
9671
5383
3081
8715
7410
2643
1925
8144
4232
686
9757
7409
9544
9165
5746
2462
8489
5398
3502
6554
8767
9461
1707
9921
8790
6596
6715
9769
2308
7654
3855
1209
7078
192
5080
746
436
5539
4841
7624
7487
3190
1904
3034
7288
1277
525
298
1920
8023
9477
492
6433
8524
4217
9371
474
9556
8691
5362
4094
5483
5106
5971
3368
8186
9834
5897
3741
6779
2963
3047
7910
7454
7702
1777
7982
3328
4239
693
2827
6406
7897
6774
7096
3932
8441
4159
1144
9124
9434
1289
4683
6882
4707
1392
4569
3447
8613
6274
647
1180
7554
5607
4266
7070
1231
6963
7579
750
8355
3635
9716
9737
5369
5389
2657
4315
6437
9580
6767
9934
6112
4462
9821
1645
9259
106
9163
558
3031
8226
3180
9377
6698
5970
3989
4183
9074
7616
4696
2
9108
5956
8175
6678
617
9579
2968
7989
5699
11
2060
4739
3697
2125
2111
8447
3714
8674
2981
3960
2535
2151
9280
7549
8612
2020
6594
368
527
8601
8318
6499
5979
2856
1588
5103
8969
8891
8403
3215
1829
5415
8997
8762
4291
8828
997
1632
4503
8441
4699
8330
5739
2797
3471
4510
8370
3449
2159
9809
6270
5644
618
5811
3264
8259
5363
5787
5137
5118
2130
7251
160
5776
7506
4656
3058
5972
5663
8310
7346
6375
9990
1521
795
223
4843
9657
7506
5401
3554
3440
7710
272
5609
9764
4232
9516
3359
3682
5920
1635
1915
7797
6682
9501
383
703
9957
4552
7862
5815
5923
1361
3911
6096
8679
472
2582
2021
6823
4444
6842
5253
9458
6535
9359
3703
8491
9752
2395
913
3559
3206
6855
