2473
7306
5310
6033
6491
8090
9147
8264
4854
2662
6035
9717
764
6614
8418
1881
5364
3241
5718
9432
5660
9767
4913
6317
3418
8587
8601
2685
4114
4559
6246
4168
5427
1707
8081
5082
6702
1445
2277
488
4225
3937
9508
132
260
9625
6854
930
2403
6377
48
6791
18
6078
4369
4241
3393
295
6127
736
4542
9633
1908
9607
5162
9214
4454
4537
9583
5408
490
7381
556
8079
1179
4986
8739
9016
9512
8564
6116
7306
8382
7300
1598
3783
7311
3080
4728
9986
9574
5677
6607
6079
9567
3810
8668
9578
3647
2756
1605
9374
999
3724
2097
4116
9911
713
4961
8600
1077
1331
3607
8205
2098
6325
125
9845
804
2626
8319
9839
3087
2287
8010
2307
2805
6613
6964
6151
9155
9198
1338
3539
6328
3010
963
6945
8722
3724
7281
2078
7694
7941
803
7
6547
2083
227
7306
8402
55
746
9231
5560
1862
1127
6529
3835
3225
1960
6707
7052
2260
880
7765
1621
8580
7497
3020
3563
8157
9032
1703
6644
4284
8561
5946
1149
6277
4594
9025
9681
618
5037
1389
7673
2566
4801
4234
5645
813
9489
501
8222
5217
8333
5541
4870
3656
4841
404
9449
7021
50
3316
2807
3931
618
2153
1972
8814
4611
6615
7812
4480
9482
591
150
1964
9530
9617
3954
4195
3494
6076
3168
8808
4080
2231
1455
1362
1204
6162
1668
8978
5247
9990
3546
8502
6550
2260
5562
2405
207
4500
8058
261
3690
7370
2545
2003
3248
6351
242
7600
9253
5792
8615
6122
9096
4939
4579
2219
9698
5668
9513
4088
1866
6739
6496
4144
1198
450
5210
8074
6331
540
9684
1595
1884
3619
9367
3743
4624
8380
7344
1383
4372
8933
286
3930
8552
7610
6515
8862
349
2536
3735
2470
8216
6839
1043
3499
7855
9795
1065
2635
752
591
3859
1970
3772
7654
5157
5465
7338
9596
8139
9883
6999
5220
3273
7466
7076
4916
5657
7293
5176
8992
8733
5657
2
7988
2977
1723
2452
2976
4797
3000
1411
8123
4682
8528
6878
4857
4124
5317
1917
8816
2432
9203
470
7508
9404
1026
1508
629
3859
6797
9667
5961
6616
1164
5277
8853
226
8839
7725
7672
888
2156
2845
5346
5254
1451
7182
1153
1618
3618
3598
3229
3043
2531
2727
604
8789
4760
1703
5659
4032
4525
9333
6595
3343
4722
3380
6541
3985
5643
9617
9285
4360
7476
9172
5609
8747
3608
7024
1484
7163
3994
1730
1310
209
1547
605
66
1238
6022
3022
6778
5912
6758
3973
1998
7778
2820
4624
7107
9085
9684
8546
2246
9759
8116
1677
6183
5053
9248
2
7056
1093
5316
1414
6129
6304
799
9695
9697
2449
1128
9602
8203
5887
